15 0.7091145833333333 0.5120833333333333 0.0265625 0.025833333333333333
15 0.65859375 0.4975 0.022395833333333334 0.018333333333333333
15 0.6872395833333333 0.4816666666666667 0.0234375 0.015
15 0.60390625 0.4825 0.015104166666666667 0.013333333333333334
15 0.6005208333333333 0.4975 0.011458333333333333 0.011666666666666667
15 0.5760416666666667 0.5129166666666667 0.029166666666666667 0.0225
15 0.5533854166666666 0.5354166666666667 0.0296875 0.024166666666666666
13 0.37838541666666664 0.5275 0.03802083333333333 0.03
4 0.33125 0.5875 0.09166666666666666 0.10166666666666667
2 0.25729166666666664 0.5854166666666667 0.09375 0.08916666666666667
2 0.1703125 0.70875 0.17083333333333334 0.17416666666666666
2 0.06640625 0.7183333333333334 0.1328125 0.155
2 0.18307291666666667 0.5291666666666667 0.0890625 0.075
4 0.14505208333333333 0.5283333333333333 0.059895833333333336 0.03333333333333333
1 0.0140625 0.5875 0.028125 0.041666666666666664
2 0.7322916666666667 0.43583333333333335 0.07604166666666666 0.04666666666666667